womens_last <- c("Garnbret", "Seo", "Nonaka", "Noguchi", "Raboutou", "Pilz", "Miroslaw", "Jaubert", "Meshkova", "Coxsey", "Condie", "Song", "Chanourdie", "Yip", "Rogora", "Klingler", "Kaplina", "Krampl", "Mackenzie", "Sterkenburg")
womens_first <- c("J", "C", "M", "A", "B", "J", "A", "A", "V", "S", "K", "YL", "J", "A", "L", "P", "I", "M", "O", "E")
womens_coun <- c("Slovenia", "South Korea", "Japan", "Japan", "United States", "Austria", "Poland", "France", "ROC", "Great Britain", "United States", "China", "France", "Canada", "Italy", "Switzerland", "ROC", "Slovenia", "Austria", "South Africa")
womens_speed <- c(14, 17, 4, 9, 12, 11, 1, 2, 15, 16, 7, 3, 8, 6, 19, 10, 5, 18, 13, 20)
womens_bould <- c(1, 5, 8, 3, 2, 9, 20, 13, 6, 4, 11, 19, 15, 16, 7, 10, 18, 14, 12, 17)
womens_lead <- c(4, 1, 3, 6, 8, 2, 19, 15, 5, 13, 11, 18, 9, 12, 10, 14, 17, 7, 16, 20)
w_speed_A <- c(9.44, 10.01, 7.55, 8.27, 8.67, 8.51, 6.97, 7.12, 9.54, 9.65, 8.12, 8.74, 8.43, 8.17, 10.50, 8.42, 7.56, 10.44, 8.83, NA)
w_speed_B <- c(10.32, 11.74, 7.74, 8.23, 8.81, 8.63, 7.01, 7.29, 9.73, 10.07, 8.08, 7.46, 8.17, 7.99, NA, 8.67, NA, 10.43, 9.38, 11.10)
w_bould_tops <- c(4, 2, 1, 3, 3, 1, 0, 1, 2, 2, 1, 0, 0, 0, 1, 1, 0, 0, 1, 0)
w_bould_zone <- c(4, 4, 3, 4, 4, 3, 0, 1, 4, 4, 3, 1, 3, 2, 4, 3, 1, 4, 2, 1)
w_lead_holds <- c(30, 40, 30, 27, 26, 33, 12, 16, 29, 21, 22, 13, 25, 21, 25, 16, 14, 26, 15, 7)
w_lead_pos <- c(0, 1, 1, 1, 1, 1, 0, 1, 1, 1, 1, 1, 1, 1, 0, 1, 1, 1, 1, 1)
w_lead_time <- c(NA, NA, NA, NA, 180+40, NA, NA, 120+14, NA, 120+23, NA, NA, NA, 120+14, NA, 60+49, NA, 180+16, NA, NA)

mens_last <- c("Mawem", "Narasaki", "Duffy", "Schubert", "Ondra", "Ginez Lopez", "Mawem", "Coleman", "Megos", "Chon", "Khaibullin", "Hojer", "Rubtsov", "Pan", "Piccolruaz", "Cosser", "McColl", "Harada", "Fossali", "O'Halloran")
mens_first <- c("M", "T", "C", "J", "A", "A", "B", "N", "A", "J", "R", "J", "A", "YF", "M", "C", "S", "K", "L", "T")
mens_coun <- c("France", "Japan", "United States", "Austria", "Czech Republic", "Spain", "France", "United States", "Germany", "South Korea", "Kazakhstan", "Germany", "ROC", "China", "Italy", "South Africa", "Canada", "Japan", "Italy", "Australia")
mens_speed <- c(3, 2, 6, 12, 18, 7, 1, 10, 19, 5, 4, 11, 16, 20, 8, 9, 14, 15, 13, 17)
mens_bould <- c(1, 2, 5, 7, 3, 14, 18, 11, 6, 10, 17, 9, 4, 8, 13, 16, 15, 12, 19.5, 19.5)
mens_lead <- c(11, 14, 2, 1, 4, 3, 20, 5, 6, 16, 13, 9, 15, 7, 12, 10, 8, 17, 18, 19)
m_speed_A <- c(5.95, NA, 6.23, 6.70, 7.46, 6.48, 5.45, 6.51, 9.89, 6.21, 6.90, 6.63, 8.09, 8.63, 6.33, 6.48, 9.18, NA, 6.71, 7.34)
m_speed_B <- c(7.75, 5.94, 6.85, 6.94, 8.16, 6.32, 5.67, 6.52, 7.47, NA, 6.19, NA, 7.23, 7.59, 6.46, 7.55, 6.93, 7.08, 7.39, 12.20)
m_lead_holds <- c(28, 26, 42, 42, 39, 41, 7, 39, 36, 26, 28, 29, 26, 36, 28, 29, 35, 25, 25, 25)
m_lead_pos <- c(1, 1, 1, 1, 1, 1, 0, 0, 1, 1, 1, 1, 1, 0, 1, 0, 1, 1, 0, 0)
m_lead_time <- c(120+24, 120+11, 240+44, 240+2, NA, NA, NA, NA, NA, 120+34, 180+9, NA, 120+29, NA, 120+33, NA, NA, NA, 120+48, 180+58)
m_bould_tops <- c(3, 2, 2, 1, 2, 1, 0, 1, 1, 1, 0, 1, 2, 1, 1, 0, 0, 1, 0, 0)
m_bould_zone <- c(4, 4, 2, 3, 3, 1, 1, 3, 4, 3, 2, 3, 2, 3, 2, 2, 2, 2, 0, 0)

tokyo_2020_qual <- data.frame(first = c(womens_first, mens_first)
                              , last = c(womens_last, mens_last)
                              , group = c(rep("women", 20), rep("men", 20))
                              , country = c(womens_coun, mens_coun)
                              , speed = c(womens_speed, mens_speed)
                              , bould = c(womens_bould, mens_bould)
                              , lead = c(womens_lead, mens_lead)
                              , speed_time_A = c(w_speed_A, m_speed_A)
                              , speed_time_B = c(w_speed_B, m_speed_B)
                              , bould_top = c(w_bould_tops, m_bould_tops)
                              , bould_zone = c(w_bould_zone, m_bould_zone)
                              , lead_hold = c(w_lead_holds, m_lead_holds)
                              , lead_pos = c(w_lead_pos, m_lead_pos)
                              , lead_time = c(w_lead_time, m_lead_time)
                                ) %>%
  mutate(total = speed*bould*lead) %>%
  group_by(group) %>%
  mutate(rank = rank(total))
